
=== PDF PAGE 1 ===
	  
All	  data	  calculated	  by	  AIRBUS	  PEP	  Tool,	  Octopus	  program	  v31.0.0.	  
	  
A	  319-­‐112	  	  
	  
	  
Valid	  for	  aircraft	  with	  database	  AD112E01	  (check	  AFM	  chapter	  “Performance	  
Database”)	  
Air	  condition	  	  	  	  :on	  
Anti-­‐acing	  	  	  	  	  	  	  	  	  	  :off	  
CG	  	  	  	  	  	  	  	  	  	  	  	  	  	  	  	  	  	  	  	  	  	  	  	  	  :basic	  (25%	  MAC	  or	  greater)	  
Landing	  Gear	  	  	  	  :retracted	  
One	  Engine	  	  	  	  	  	  	  	  :out	  
One	  Engine	  	  	  	  	  	  	  	  :TOGA	  
ACG	  	  	  	  	  	  	  	  	  	  	  	  	  	  	  	  	  	  	  	  	  	  :Approach	  Climb	  Gradiend	  (%)	  
Regulated	  ACG	  :2.1%	  for	  	  Cat	  I	  	  
	  2.5%	  for	  Cat	  II	  or	  Cat	  III	  App	  	  
	  
	  
FLAPS	  3	  
	  
	  
52500	  kg	  
	  
	  
-­‐1000’	  
0	  
500'	  
1000'	  
2000'	  
3000'	  
-­‐20°	  
7.055	  
6.995	  
6.865	  
6.732	  
6.458	  
6.159	  
-­‐10°	  
7.042	  
6.981	  
6.851	  
6.718	  
6.444	  
6.145	  
0°	  
7.013	  
6.951	  
6.822	  
6.689	  
6.414	  
6.116	  
+10°	  
6.983	  
6.92	  
6.79	  
6.657	  
6.382	  
6.084	  
+15°	  
6.954	  
6.89	  
6.762	  
6.631	  
6.36	  
6.065	  
+20°	  
6.914	  
6.856	  
6.729	  
6.599	  
6.329	  
6.036	  
+25°	  
6.88	  
6.823	  
6.698	  
6.569	  
6.302	  
6.011	  
+30°	  
6.849	  
6.795	  
6.671	  
6.544	  
6.279	  
5.991	  
+35°	  
6.824	  
6.773	  
6.651	  
6.525	  
6.264	  
5.979	  
+40°	  
6.808	  
6.761	  
6.642	  
6.518	  
6.249	  
5.831	  
	  
	  
	  
56500	  kg	  
	  
	  
-­‐1000’	  
0	  
500'	  
1000'	  
2000'	  
3000'	  
-­‐20°	  
5.81	  
5.754	  
5.638	  
5.518	  
5.269	  
4.996	  
-­‐10°	  
5.798	  
5.741	  
5.625	  
5.506	  
5.256	  
4.983	  
0°	  
5.772	  
5.715	  
5.599	  
5.479	  
5.229	  
4.956	  
+10°	  
5.745	  
5.687	  
5.57	  
5.45	  
5.2	  
4.927	  
+15°	  
5.717	  
5.658	  
5.544	  
5.425	  
5.179	  
4.909	  
+20°	  
5.682	  
5.628	  
5.514	  
5.396	  
5.151	  
4.883	  
+25°	  
5.651	  
5.598	  
5.485	  
5.368	  
5.125	  
4.859	  
+30°	  
5.623	  
5.572	  
5.46	  
5.345	  
5.104	  
4.841	  
+35°	  
5.6	  
5.552	  
5.442	  
5.328	  
5.091	  
4.83	  
+40°	  
5.585	  
5.542	  
5.433	  
5.321	  
5.077	  
4.694	  
	    

=== PDF PAGE 2 ===
	  
60500	  kg	  
	  
	  
-­‐1000’	  
0	  
500'	  
1000'	  
2000'	  
3000'	  
-­‐20°	  
4.736	  
4.683	  
4.578	  
4.472	  
4.252	  
3.99	  
-­‐10°	  
4.724	  
4.671	  
4.566	  
4.46	  
4.239	  
3.986	  
0°	  
4.7	  
4.646	  
4.542	  
4.435	  
4.215	  
3.961	  
+10°	  
4.675	  
4.62	  
4.516	  
4.408	  
4.188	  
3.935	  
+15°	  
4.649	  
4.594	  
4.491	  
4.385	  
4.168	  
3.917	  
+20°	  
4.616	  
4.565	  
4.463	  
4.358	  
4.142	  
3.893	  
+25°	  
4.587	  
4.538	  
4.437	  
4.333	  
4.118	  
3.871	  
+30°	  
4.562	  
4.514	  
4.414	  
4.311	  
4.099	  
3.854	  
+35°	  
4.54	  
4.496	  
4.397	  
4.295	  
4.086	  
3.845	  
+40°	  
4.527	  
4.486	  
4.389	  
4.289	  
4.074	  
3.718	  
	  
	  
	  
62500	  kg	  
	  
	  
-­‐1000’	  
0	  
500'	  
1000'	  
2000'	  
3000'	  
-­‐20°	  
4.249	  
4.201	  
4.103	  
4.002	  
3.793	  
3.547	  
-­‐10°	  
4.238	  
4.189	  
4.091	  
3.99	  
3.78	  
3.534	  
0°	  
4.214	  
4.165	  
4.067	  
3.967	  
3.757	  
3.511	  
+10°	  
4.19	  
4.14	  
4.042	  
3.941	  
3.73	  
3.485	  
+15°	  
4.166	  
4.115	  
4.018	  
3.919	  
3.711	  
3.468	  
+20°	  
4.133	  
4.087	  
3.991	  
3.893	  
3.686	  
3.445	  
+25°	  
4.106	  
4.061	  
3.966	  
3.868	  
3.663	  
3.424	  
+30°	  
4.081	  
4.038	  
3.944	  
3.847	  
3.645	  
3.407	  
+35°	  
4.061	  
4.02	  
3.927	  
3.832	  
3.633	  
3.398	  
+40°	  
4.048	  
4.011	  
3.92	  
3.826	  
3.621	  
3.276	  
	  
	  
	  
FLAPS	  2	  
	  
	  
52500	  
	  
	  
-­‐1000’	  
0	  
500'	  
1000'	  
2000'	  
3000'	  
-­‐20°	  
7.182	  
7.121	  
6.995	  
6.865	  
6.594	  
6.295	  
-­‐10°	  
7.169	  
7.108	  
6.982	  
6.852	  
6.58	  
6.28	  
0°	  
7.14	  
7.079	  
6.953	  
6.823	  
6.551	  
6.251	  
+10°	  
7.111	  
7.048	  
6.922	  
6.791	  
6.519	  
6.22	  
+15°	  
7.082	  
7.018	  
6.893	  
6.765	  
6.496	  
6.2	  
+20°	  
7.043	  
6.985	  
6.861	  
6.733	  
6.466	  
6.171	  
+25°	  
7.01	  
6.953	  
6.83	  
6.703	  
6.439	  
6.146	  
+30°	  
6.979	  
6.925	  
6.803	  
6.678	  
6.416	  
6.126	  
+35°	  
6.954	  
6.903	  
6.783	  
6.659	  
6.401	  
6.115	  
+40°	  
6.939	  
6.891	  
6.774	  
6.652	  
6.386	  
5.968	  
	  
	    

=== PDF PAGE 3 ===
	  
56500	  
	  
	  
-­‐1000’	  
0	  
500'	  
1000'	  
2000'	  
3000'	  
-­‐20°	  
5.942	  
5.885	  
5.77	  
5.653	  
5.408	  
5.131	  
-­‐10°	  
5.929	  
5.872	  
5.757	  
5.639	  
5.394	  
5.117	  
0°	  
5.903	  
5.845	  
5.731	  
5.613	  
5.368	  
5.091	  
+10°	  
5.876	  
5.817	  
5.702	  
5.584	  
5.338	  
5.062	  
+15°	  
5.849	  
5.789	  
5.676	  
5.559	  
5.317	  
5.043	  
+20°	  
5.813	  
5.758	  
5.646	  
5.53	  
5.29	  
5.017	  
+25°	  
5.782	  
5.729	  
5.618	  
5.503	  
5.264	  
4.994	  
+30°	  
5.754	  
5.703	  
5.593	  
5.479	  
5.243	  
4.975	  
+35°	  
5.731	  
5.683	  
5.574	  
5.462	  
5.23	  
4.965	  
+40°	  
5.717	  
5.673	  
5.566	  
5.456	  
5.216	  
4.829	  
	  
	  
	  
60500	  
	  
	  
-­‐1000’	  
0	  
500'	  
1000'	  
2000'	  
3000'	  
-­‐20°	  
4.868	  
4.815	  
4.713	  
4.607	  
4.385	  
4.129	  
-­‐10°	  
4.856	  
4.803	  
4.7	  
4.594	  
4.373	  
4.116	  
0°	  
4.832	  
4.778	  
4.676	  
4.57	  
4.348	  
4.091	  
+10°	  
4.807	  
4.753	  
4.65	  
4.544	  
4.321	  
4.065	  
+15°	  
4.781	  
4.726	  
4.625	  
4.52	  
4.301	  
4.047	  
+20°	  
4.748	  
4.698	  
4.597	  
4.493	  
4.275	  
4.023	  
+25°	  
4.72	  
4.67	  
4.571	  
4.468	  
4.252	  
4.001	  
+30°	  
4.694	  
4.647	  
4.548	  
4.446	  
4.232	  
3.985	  
+35°	  
4.673	  
4.628	  
4.531	  
4.431	  
4.22	  
3.975	  
+40°	  
4.66	  
4.619	  
4.523	  
4.425	  
4.207	  
3.853	  
	  
	  
	  
62500	  
	  
	  
-­‐1000’	  
0	  
500'	  
1000'	  
2000'	  
3000'	  
-­‐20°	  
4.382	  
4.333	  
4.235	  
4.134	  
3.925	  
3.692	  
-­‐10°	  
4.37	  
4.321	  
4.223	  
4.122	  
3.912	  
3.68	  
0°	  
4.347	  
4.298	  
4.2	  
4.098	  
3.889	  
3.659	  
+10°	  
4.323	  
4.273	  
4.175	  
4.073	  
3.863	  
3.636	  
+15°	  
4.298	  
4.247	  
4.15	  
4.05	  
3.843	  
3.621	  
+20°	  
4.266	  
4.22	  
4.124	  
4.024	  
3.819	  
3.6	  
+25°	  
4.239	  
4.194	  
4.098	  
4.0	  
3.796	  
3.581	  
+30°	  
4.214	  
4.171	  
4.076	  
3.979	  
3.78	  
3.566	  
+35°	  
4.194	  
4.153	  
4.06	  
3.964	  
3.769	  
3.558	  
+40°	  
4.181	  
4.144	  
4.053	  
3.958	  
3.758	  
3.449	  
	  

=== PDF PAGE 4 ===
	    
All	  data	  calculated	  by	  AIRBUS	  PEP	  Tool,	  Octopus	  program	  v31.0.0.	  
	  
A	  320-­‐214	  	  
	  
	  
Valid	  for	  aircraft	  with	  database	  AE214B02	  (check	  AFM	  chapter	  “Performance	  
Database”)	  
Air	  condition	  	  	  	  :on	  
Anti-­‐acing	  	  	  	  	  	  	  	  	  	  :off	  
CG	  	  	  	  	  	  	  	  	  	  	  	  	  	  	  	  	  	  	  	  	  	  	  	  	  :basic	  (25%	  MAC	  or	  greater)	  
Landing	  Gear	  	  	  	  :retracted	  
One	  Engine	  	  	  	  	  	  	  	  :out	  
One	  Engine	  	  	  	  	  	  	  	  :TOGA	  
ACG	  	  	  	  	  	  	  	  	  	  	  	  	  	  	  	  	  	  	  	  	  	  :Approach	  Climb	  Gradiend	  (%)	  
Regulated	  ACG	  :2.1%	  for	  	  Cat	  I	  	  
	  2.5%	  for	  Cat	  II	  or	  Cat	  III	  App	  	  
	  
FLAPS	  3	  
	  
	  
52000	  kg	  
	  
	  
-­‐1000’	  
0	  
500'	  
1000'	  
2000'	  
3000'	  
-­‐20°	  
9.105	  
8.975	  
8.816	  
8.66	  
8.366	  
8.439	  
-­‐10°	  
9.091	  
8.96	  
8.8	  
8.644	  
8.351	  
8.423	  
0°	  
9.06	  
8.929	  
8.769	  
8.612	  
8.321	  
8.392	  
+10°	  
9.027	  
8.895	  
8.734	  
8.578	  
8.287	  
8.357	  
+15°	  
8.995	  
8.861	  
8.703	  
8.549	  
8.254	  
8.335	  
+20°	  
8.952	  
8.825	  
8.667	  
8.513	  
8.232	  
8.305	  
+25°	  
8.916	  
8.79	  
8.633	  
8.481	  
8.203	  
8.277	  
+30°	  
8.882	  
8.76	  
8.604	  
8.455	  
8.18	  
8.256	  
+35°	  
8.855	  
8.735	  
8.582	  
8.436	  
8.164	  
8.164	  
+40°	  
8.837	  
8.722	  
8.571	  
8.429	  
8.149	  
7.438	  
	  
	  
	  
56000	  kg	  
	  
	  
-­‐1000’	  
0	  
500'	  
1000'	  
2000'	  
3000'	  
-­‐20°	  
7.756	  
7.641	  
7.508	  
7.379	  
7.13	  
7.197	  
-­‐10°	  
7.743	  
7.628	  
7.494	  
7.365	  
7.116	  
7.182	  
0°	  
7.716	  
7.601	  
7.467	  
7.337	  
7.088	  
7.153	  
+10°	  
7.688	  
7.572	  
7.438	  
7.308	  
7.057	  
7.121	  
+15°	  
7.66	  
7.542	  
7.41	  
7.282	  
7.035	  
7.1	  
+20°	  
7.623	  
7.511	  
7.379	  
7.251	  
7.005	  
7.072	  
+25°	  
7.592	  
7.481	  
7.35	  
7.223	  
6.979	  
7.047	  
+30°	  
7.563	  
7.455	  
7.325	  
7.198	  
6.957	  
7.027	  
+35°	  
7.539	  
7.434	  
7.306	  
7.181	  
6.942	  
6.942	  
+40°	  
7.524	  
7.423	  
7.297	  
7.175	  
6.928	  
6.264	  
	  

=== PDF PAGE 5 ===
	    
	  
60000	  kg	  
	  
	  
-­‐1000’	  
0	  
500'	  
1000'	  
2000'	  
3000'	  
-­‐20°	  
6.626	  
6.527	  
6.407	  
6.289	  
6.062	  
6.121	  
-­‐10°	  
6.614	  
6.514	  
6.393	  
6.275	  
6.048	  
6.106	  
0°	  
6.589	  
6.489	  
6.368	  
6.25	  
6.022	  
6.079	  
+10°	  
6.563	  
6.462	  
6.341	  
6.223	  
5.994	  
6.05	  
+15°	  
6.536	  
6.434	  
6.315	  
6.198	  
5.972	  
6.03	  
+20°	  
6.502	  
6.405	  
6.286	  
6.169	  
5.945	  
6.003	  
+25°	  
6.473	  
6.377	  
6.259	  
6.143	  
5.92	  
5.98	  
+30°	  
6.446	  
6.353	  
6.236	  
6.12	  
5.9	  
5.961	  
+35°	  
6.424	  
6.334	  
6.218	  
6.104	  
5.887	  
5.882	  
+40°	  
6.41	  
6.323	  
6.209	  
6.099	  
5.874	  
5.247	  
	  
	  
	  
64000	  kg	  
	  
	  
-­‐1000’	  
0	  
500'	  
1000'	  
2000'	  
3000'	  
-­‐20°	  
5.649	  
5.555	  
5.444	  
5.335	  
5.128	  
5.179	  
-­‐10°	  
5.637	  
5.543	  
5.431	  
5.322	  
5.114	  
5.165	  
0°	  
5.614	  
5.519	  
5.408	  
5.298	  
5.09	  
5.14	  
+10°	  
5.59	  
5.494	  
5.383	  
5.273	  
5.064	  
5.113	  
+15°	  
5.564	  
5.468	  
5.358	  
5.25	  
5.043	  
5.093	  
+20°	  
5.532	  
5.441	  
5.331	  
5.223	  
5.018	  
5.069	  
+25°	  
5.505	  
5.415	  
5.306	  
5.198	  
4.994	  
5.047	  
+30°	  
5.48	  
5.392	  
5.284	  
5.178	  
4.975	  
5.029	  
+35°	  
5.46	  
5.374	  
5.267	  
5.163	  
4.963	  
4.956	  
+40°	  
5.447	  
5.364	  
5.26	  
5.157	  
4.951	  
4.358	  
	  
	  
	  
66000	  
	  
	  
-­‐1000’	  
0	  
500'	  
1000'	  
2000'	  
3000'	  
-­‐20°	  
5.205	  
5.113	  
5.007	  
4.902	  
4.703	  
4.751	  
-­‐10°	  
5.193	  
5.101	  
4.994	  
4.889	  
4.69	  
45.737	  
0°	  
5.171	  
5.079	  
4.972	  
4.866	  
4.667	  
4.714	  
+10°	  
5.148	  
5.055	  
4.947	  
4.842	  
4.641	  
4.687	  
+15°	  
5.123	  
5.029	  
4.923	  
4.819	  
4.621	  
4.668	  
+20°	  
5.092	  
5.003	  
4.897	  
4.793	  
4.596	  
4.644	  
+25°	  
5.066	  
4.977	  
4.873	  
4.769	  
4.574	  
4.623	  
+30°	  
5.042	  
4.955	  
4.851	  
4.749	  
4.556	  
4.606	  
+35°	  
5.022	  
4.938	  
4.835	  
4.735	  
4.544	  
4.535	  
+40°	  
5.009	  
4.929	  
4.828	  
4.73	  
4.532	  
3.955	  
	  
	  
	  

=== PDF PAGE 6 ===
	    
FLAPS	  2	  
	  
	  
52000	  
	  
	  
-­‐1000’	  
0	  
500'	  
1000'	  
2000'	  
3000'	  
-­‐20°	  
9.078	  
8.948	  
8.797	  
8.654	  
8.374	  
8.441	  
-­‐10°	  
9.064	  
8.933	  
8.783	  
8.639	  
8.359	  
8.425	  
0°	  
9.033	  
8.902	  
8.754	  
8.609	  
8.329	  
8.394	  
+10°	  
9.001	  
8.87	  
8.722	  
8.578	  
8.296	  
8.36	  
+15°	  
8.968	  
8.838	  
8.693	  
8.551	  
8.272	  
8.338	  
+20°	  
8.926	  
8.805	  
8.66	  
8.518	  
8.241	  
8.308	  
+25°	  
8.89	  
8.773	  
8.629	  
8.487	  
8.2122	  
8.28	  
+30°	  
8.859	  
8.745	  
8.601	  
8.461	  
8.189	  
8.259	  
+35°	  
8.834	  
8.722	  
8.581	  
8.443	  
8.173	  
8.168	  
+40°	  
8.817	  
8.71	  
8.571	  
8.436	  
8.158	  
7.446	  
	  
	  
	  
56000	  
	  
	  
-­‐1000’	  
0	  
500'	  
1000'	  
2000'	  
3000'	  
-­‐20°	  
7.766	  
7.651	  
7.517	  
7.387	  
7.136	  
7.196	  
-­‐10°	  
7.763	  
7.637	  
7.503	  
7.373	  
7.121	  
7.181	  
0°	  
7.726	  
7.611	  
7.476	  
7.346	  
7.093	  
7.152	  
+10°	  
7.698	  
7.582	  
7.447	  
7.317	  
7.063	  
7.12	  
+15°	  
7.67	  
7.553	  
7.419	  
7.291	  
7.04	  
7.099	  
+20°	  
7.634	  
7.522	  
7.389	  
7.26	  
7.011	  
7.072	  
+25°	  
7.602	  
7.492	  
7.36	  
7.232	  
6.985	  
7.046	  
+30°	  
7.574	  
7.466	  
7.335	  
7.208	  
6.963	  
7.026	  
+35°	  
7.551	  
7.445	  
7.316	  
7.191	  
6.949	  
6.942	  
+40°	  
7.536	  
7.434	  
7.307	  
7.185	  
6.935	  
6.262	  
	  
	  
	  
60000	  
	  
	  
-­‐1000’	  
0	  
500'	  
1000'	  
2000'	  
3000'	  
-­‐20°	  
6.626	  
6.527	  
6.407	  
6.283	  
6.062	  
6.121	  
-­‐10°	  
6.614	  
6.514	  
6.393	  
6.275	  
6.048	  
6.106	  
0°	  
6.589	  
6.489	  
6.368	  
6.25	  
6.022	  
6.079	  
+10°	  
6.563	  
6.462	  
6.341	  
6.223	  
5.994	  
6.05	  
+15°	  
6.536	  
6.434	  
6.315	  
6.198	  
5.972	  
6.03	  
+20°	  
6.502	  
6.405	  
6.286	  
6.169	  
5.945	  
6.003	  
+25°	  
6.473	  
6.377	  
6.259	  
6.143	  
5.92	  
5.98	  
+30°	  
6.446	  
6.353	  
6.236	  
6.12	  
5.9	  
5.961	  
+35°	  
6.424	  
6.334	  
6.218	  
6.104	  
5.887	  
5.882	  
+40°	  
6.41	  
6.323	  
6.209	  
6.099	  
5.874	  
5.247	  
	  

=== PDF PAGE 7 ===
	    
	  
64000	  
	  
	  
-­‐1000’	  
0	  
500'	  
1000'	  
2000'	  
3000'	  
-­‐20°	  
5.659	  
5.565	  
5.456	  
5.348	  
5.144	  
5.195	  
-­‐10°	  
5.647	  
5.552	  
5.443	  
5.335	  
5.13	  
5.18	  
0°	  
5.624	  
5.529	  
5.42	  
5.312	  
5.106	  
5.156	  
+10°	  
5.6	  
5.505	  
5.395	  
5.287	  
5.081	  
5.129	  
+15°	  
5.574	  
5.478	  
5.37	  
5.263	  
5.06	  
5.109	  
+20°	  
5.543	  
5.451	  
5.343	  
5.237	  
5.035	  
5.085	  
+25°	  
5.516	  
5.426	  
5.318	  
5.212	  
5.011	  
5.063	  
+30°	  
5.491	  
5.403	  
5.296	  
5.192	  
4.993	  
5.046	  
+35°	  
5.471	  
5.385	  
5.28	  
5.177	  
4.981	  
4.973	  
+40°	  
5.458	  
5.376	  
5.272	  
5.172	  
4.969	  
4.379	  
	  
	  
66000	  
	  
	  
-­‐1000’	  
0	  
500'	  
1000'	  
2000'	  
3000'	  
-­‐20°	  
5.218	  
5.127	  
5.022	  
4.919	  
4.723	  
4.771	  
-­‐10°	  
5.206	  
5.115	  
5.01	  
4.906	  
4.71	  
4.757	  
0°	  
5.184	  
5.093	  
4.987	  
4.883	  
4.687	  
4.733	  
+10°	  
5.161	  
5.069	  
4.963	  
4.859	  
4.662	  
4.707	  
+15°	  
5.136	  
5.043	  
4.939	  
4.836	  
4.641	  
4.688	  
+20°	  
5.105	  
5.017	  
4.913	  
4.811	  
4.617	  
4.664	  
+25°	  
5.079	  
4.992	  
4.889	  
4.787	  
4.595	  
4.643	  
+30°	  
5.055	  
4.97	  
4.868	  
4.767	  
4.577	  
4.627	  
+35°	  
5.036	  
4.953	  
4.852	  
4.753	  
4.565	  
4.556	  
+40°	  
5.023	  
4.944	  
4.845	  
4.748	  
4.553	  
3.979	  
	  
	  
	  

=== PDF PAGE 8 ===
	    
All	  data	  calculated	  by	  AIRBUS	  PEP	  Tool,	  Octopus	  program	  v31.0.0.	  
	  
A	  320-­‐232	  
	  
	  
Valid	  for	  aircraft	  with	  database	  AE232E02	  (check	  AFM	  chapter	  “Performance	  
Database”)	  
Air	  condition	  	  	  	  :on	  
Anti-­‐acing	  	  	  	  	  	  	  	  	  	  :off	  
CG	  	  	  	  	  	  	  	  	  	  	  	  	  	  	  	  	  	  	  	  	  	  	  	  	  :basic	  (27%	  MAC	  or	  greater)	  
Landing	  Gear	  	  	  	  :retracted	  
One	  Engine	  	  	  	  	  	  	  	  :out	  
One	  Engine	  	  	  	  	  	  	  	  :TOGA	  
ACG	  	  	  	  	  	  	  	  	  	  	  	  	  	  	  	  	  	  	  	  	  	  :Approach	  Climb	  Gradiend	  (%)	  
Regulated	  ACG	  :2.1%	  for	  	  Cat	  I	  	  
	  2.5%	  for	  Cat	  II	  or	  Cat	  III	  App	  	  
	  
FLAPS	  3	  
	  
	  
52000	  kg	  
	  
	  
-­‐1000’	  
0	  
500'	  
1000'	  
2000'	  
3000'	  
-­‐20°	  
8.575	  
8.526	  
8.438	  
8.350	  
8.173	  
7.801	  
-­‐10°	  
8.573	  
8.524	  
8.436	  
8.348	  
8.172	  
7.799	  
0°	  
8.571	  
8.523	  
8.435	  
8.347	  
8.170	  
7.797	  
+10°	  
8.570	  
8.521	  
8.433	  
8.345	  
8.169	  
7.796	  
+15°	  
8.569	  
8.521	  
8.433	  
8.345	  
8.168	  
7.795	  
+20°	  
8.569	  
8.520	  
8.432	  
8.344	  
8.167	  
7.795	  
+25°	  
8.568	  
8.519	  
8.431	  
8.343	  
8.166	  
7.794	  
+30°	  
8.567	  
8.519	  
8.431	  
8.343	  
8.166	  
7.793	  
+35°	  
8.567	  
8.518	  
8.430	  
8.342	  
8.165	  
7.793	  
+40°	  
8.566	  
8.517	  
8.429	  
8.341	  
8.112	  
7.325	  
	  
	  
	  
56000	  kg	  
	  
	  
-­‐1000’	  
0	  
500'	  
1000'	  
2000'	  
3000'	  
-­‐20°	  
7.273	  
7.230	  
7.154	  
7.080	  
6.937	  
6.610	  
-­‐10°	  
7.271	  
7.228	  
7.152	  
7.078	  
6.935	  
6.609	  
0°	  
7.270	  
7.227	  
7.151	  
7.076	  
6.934	  
6.607	  
+10°	  
7.269	  
7.226	  
7.149	  
7.075	  
6.932	  
6.606	  
+15°	  
7.268	  
7.225	  
7.149	  
7.075	  
6.932	  
6.605	  
+20°	  
7.268	  
7.224	  
7.148	  
7.074	  
6.931	  
6.605	  
+25°	  
7.267	  
7.224	  
7.148	  
7.073	  
6.931	  
6.604	  
+30°	  
7.266	  
7.223	  
7.147	  
7.073	  
6.930	  
6.604	  
+35°	  
7.266	  
7.223	  
7.147	  
7.072	  
6.929	  
6.603	  
+40°	  
7.265	  
7.222	  
7.146	  
7.072	  
6.883	  
6.164	  
	  

=== PDF PAGE 9 ===
	    
	  
60000	  kg	  
	  
	  
-­‐1000’	  
0	  
500'	  
1000'	  
2000'	  
3000'	  
-­‐20°	  
6.180	  
6.146	  
6.079	  
6.012	  
5.881	  
5.577	  
-­‐10°	  
6.179	  
6.144	  
6.077	  
6.011	  
5.879	  
5.576	  
0°	  
6.177	  
6.143	  
6.076	  
6.010	  
5.878	  
5.574	  
+10°	  
6.176	  
6.142	  
6.075	  
6.009	  
5.877	  
5.573	  
+15°	  
6.176	  
6.141	  
6.074	  
6.008	  
5.876	  
5.572	  
+20°	  
6.175	  
6.141	  
6.074	  
6.007	  
5.875	  
5.572	  
+25°	  
6.175	  
6.140	  
6.073	  
6.006	  
5.875	  
5.571	  
+30°	  
6.174	  
6.140	  
6.073	  
6.006	  
5.874	  
5.571	  
+35°	  
6.174	  
6.139	  
6.072	  
6.005	  
5.831	  
5.570	  
+40°	  
6.173	  
6.139	  
6.072	  
5.729	  
5.182	  
5.158	  
	  
	  
	  
64000	  kg	  
	  
	  
-­‐1000’	  
0	  
500'	  
1000'	  
2000'	  
3000'	  
-­‐20°	  
5.234	  
5.203	  
5.141	  
5.080	  
4.957	  
4.672	  
-­‐10°	  
5.233	  
5.202	  
5.140	  
5.079	  
4.956	  
4.670	  
0°	  
5.231	  
5.201	  
5.139	  
5.077	  
4.955	  
4.669	  
+10°	  
5.230	  
5.200	  
5.138	  
5.076	  
4.954	  
4.668	  
+15°	  
5.230	  
5.199	  
5.137	  
5.076	  
4.953	  
4.668	  
+20°	  
5.229	  
5.199	  
5.137	  
5.075	  
4.953	  
4.667	  
+25°	  
5.229	  
5.198	  
5.136	  
5.075	  
4.952	  
4.667	  
+30°	  
5.228	  
5.198	  
5.136	  
5.074	  
4.952	  
4.666	  
+35°	  
5.228	  
5.197	  
5.135	  
5.074	  
4.951	  
4.666	  
+40°	  
5.227	  
5.197	  
5.135	  
5.073	  
4.911	  
4.279	  
	  
	  
FLAPS	  2	  
	  
	  
52000	  
	  
	  
-­‐1000’	  
0	  
500'	  
1000'	  
2000'	  
3000'	  
-­‐20°	  
8.474	  
8.426	  
8.338	  
8.251	  
8.076	  
7.718	  
-­‐10°	  
8.473	  
8.424	  
8.337	  
8.249	  
8.074	  
7.716	  
0°	  
8.471	  
8.423	  
8.335	  
8.248	  
8.072	  
7.714	  
+10°	  
8.470	  
8.421	  
8.334	  
8.246	  
8.071	  
7.713	  
+15°	  
8.469	  
8.420	  
8.333	  
8.245	  
8.070	  
7.712	  
+20°	  
8.468	  
8.420	  
8.332	  
8.245	  
8.069	  
7.711	  
+25°	  
8.468	  
8.419	  
8.332	  
8.244	  
8.069	  
7.711	  
+30°	  
8.467	  
8.418	  
8.331	  
8.243	  
8.068	  
7.710	  
+35°	  
8.466	  
8.418	  
8.330	  
8.243	  
8.067	  
7.710	  
+40°	  
8.466	  
8.417	  
8.330	  
8.242	  
8.018	  
7.243	  
	  

=== PDF PAGE 10 ===
	    
	  
	  
56000	  
	  
	  
-­‐1000’	  
0	  
500'	  
1000'	  
2000'	  
3000'	  
-­‐20°	  
7.193	  
7.150	  
7.075	  
6.999	  
6.851	  
6.519	  
-­‐10°	  
7.192	  
7.149	  
7.073	  
6.998	  
6.849	  
6.517	  
0°	  
7.190	  
7.147	  
7.072	  
6.996	  
6.848	  
6.516	  
+10°	  
7.189	  
7.146	  
7.070	  
6.995	  
6.846	  
6.515	  
+15°	  
7.188	  
7.145	  
7.070	  
6.994	  
6.846	  
6.514	  
+20°	  
7.188	  
7.145	  
7.069	  
6.993	  
6.845	  
6.513	  
+25°	  
7.187	  
7.149	  
7.068	  
6.993	  
6.844	  
6.513	  
+30°	  
7.187	  
7.143	  
7.068	  
6.992	  
6.844	  
6.512	  
+35°	  
7.186	  
7.143	  
7.067	  
6.992	  
6.843	  
6.512	  
+40°	  
7.186	  
7.142	  
7.067	  
6.991	  
6.797	  
6.074	  
	  
	  
	  
60000	  
	  
	  
-­‐1000’	  
0	  
500'	  
1000'	  
2000'	  
3000'	  
-­‐20°	  
6.106	  
6.065	  
5.995	  
5.925	  
5.787	  
5.487	  
-­‐10°	  
6.104	  
6.063	  
5.994	  
5.924	  
5.786	  
5.485	  
0°	  
6.103	  
6.062	  
5.992	  
5.923	  
5.785	  
5.484	  
+10°	  
6.102	  
6.061	  
5.991	  
5.922	  
5.784	  
5.483	  
+15°	  
6.101	  
6.060	  
5.990	  
5.921	  
5.783	  
5.482	  
+20°	  
6.101	  
6.060	  
5.990	  
5.920	  
5.782	  
5.482	  
+25°	  
6.100	  
6.059	  
5.989	  
5.920	  
5.782	  
5.481	  
+30°	  
6.100	  
6.059	  
5.989	  
5.919	  
5.781	  
5.481	  
+35°	  
6.099	  
6.058	  
5.988	  
5.919	  
5.781	  
5.480	  
+40°	  
6.098	  
6.058	  
5.988	  
5.918	  
5.737	  
5.068	  
	  
	  
64000	  
	  
	  
-­‐1000’	  
0	  
500'	  
1000'	  
2000'	  
3000'	  
-­‐20°	  
5.150	  
5.113	  
5.050	  
4.990	  
4.871	  
4.588	  
-­‐10°	  
5.149	  
5.111	  
5.049	  
4.989	  
4.869	  
4.587	  
0°	  
5.147	  
5.110	  
5.048	  
4.988	  
4.868	  
4.586	  
+10°	  
5.146	  
5.109	  
5.047	  
4.987	  
4.867	  
4.585	  
+15°	  
5.146	  
5.109	  
5.046	  
4.986	  
4.867	  
4.584	  
+20°	  
5.145	  
5.108	  
5.046	  
4.986	  
4.866	  
4.584	  
+25°	  
5.145	  
5.108	  
5.045	  
4.985	  
4.866	  
4.583	  
+30°	  
5.144	  
5.107	  
5.045	  
4.985	  
4.865	  
4.583	  
+35°	  
5.144	  
5.107	  
5.044	  
4.984	  
4.865	  
4.582	  
+40°	  
5.144	  
5.106	  
5.044	  
4.984	  
4.824	  
4.196	  
	  
	  
	  

=== PDF PAGE 11 ===
	    
All	  data	  calculated	  by	  AIRBUS	  PEP	  Tool,	  Octopus	  program	  v31.0.0.	  
	  
A	  321-­‐211	  	  
	  
	  
Valid	  for	  aircraft	  with	  database	  AC211B05	  (check	  AFM	  chapter	  “Performance	  
Database”)	  
Air	  condition	  	  	  	  :on	  
Anti-­‐acing	  	  	  	  	  	  	  	  	  	  :off	  
CG	  	  	  	  	  	  	  	  	  	  	  	  	  	  	  	  	  	  	  	  	  	  	  	  	  :basic	  (25%	  MAC	  or	  greater)	  
Landing	  Gear	  	  	  	  :retracted	  
One	  Engine	  	  	  	  	  	  	  	  :out	  
One	  Engine	  	  	  	  	  	  	  	  :TOGA	  
ACG	  	  	  	  	  	  	  	  	  	  	  	  	  	  	  	  	  	  	  	  	  	  :Approach	  Climb	  Gradiend	  (%)	  
Regulated	  ACG	  :2.1%	  for	  	  Cat	  I	  	  
	  2.5%	  for	  Cat	  II	  or	  Cat	  III	  App	  	  
	  
FLAPS	  3	  
	  
	  
60500	  kg	  
	  
	  
-­‐1000’	  
0	  
500'	  
1000'	  
2000'	  
3000'	  
-­‐20°	  
9.196	  
8.988	  
8.709	  
8.438	  
7.921	  
7.376	  
-­‐10°	  
9.181	  
8.973	  
8.694	  
8.423	  
7.906	  
7.36	  
0°	  
9.152	  
8.944	  
8.665	  
8.394	  
7.877	  
7.332	  
+10°	  
9.114	  
8.904	  
8.625	  
8.353	  
7.836	  
7.292	  
+15°	  
9.079	  
8.868	  
8.592	  
8.322	  
7.81	  
7.269	  
+20°	  
9.038	  
8.834	  
8.558	  
8.29	  
7.779	  
7.241	  
+25°	  
9.002	  
8.8	  
8.525	  
8.258	  
7.75	  
7.103	  
+30°	  
8.967	  
8.768	  
8.351	  
7.949	  
7.184	  
6.493	  
+35°	  
8.398	  
7.857	  
7.494	  
7.132	  
6.423	  
5.802	  
+40°	  
7.473	  
7.021	  
6.654	  
6.299	  
5.615	  
4.971	  
	  
	  
	  
65500	  kg	  
	  
	  
-­‐1000’	  
0	  
500'	  
1000'	  
2000'	  
3000'	  
-­‐20°	  
7.654	  
7.457	  
7.216	  
6.981	  
6.531	  
6.037	  
-­‐10°	  
7.641	  
7.443	  
7.202	  
6.967	  
6.516	  
6.022	  
0°	  
7.614	  
7.416	  
7.176	  
6.941	  
6.49	  
5.996	  
+10°	  
7.579	  
7.38	  
7.139	  
6.904	  
6.452	  
5.96	  
+15°	  
7.547	  
7.346	  
7.108	  
6.875	  
6.428	  
5.938	  
+20°	  
7.509	  
7.315	  
7.077	  
6.845	  
6.4	  
5.912	  
+25°	  
7.476	  
7.283	  
7.047	  
6.816	  
6.373	  
5.785	  
+30°	  
7.444	  
7.254	  
6.89	  
6.537	  
5.847	  
5.222	  
+35°	  
6.913	  
6.426	  
6.102	  
5.781	  
5.145	  
4.584	  
+40°	  
6.075	  
5.665	  
5.337	  
5.019	  
4.403	  
3.817	  
	  

=== PDF PAGE 12 ===
	    
	  
67500	  kg	  
	  
	  
-­‐1000’	  
0	  
500'	  
1000'	  
2000'	  
3000'	  
-­‐20°	  
7.104	  
6.909	  
6.681	  
6.459	  
6.032	  
5.556	  
-­‐10°	  
7.091	  
6.896	  
6.668	  
6.445	  
6.018	  
5.542	  
0°	  
7.065	  
6.87	  
6.642	  
6.42	  
5.992	  
5.517	  
+10°	  
7.032	  
6.835	  
6.607	  
6.384	  
5.956	  
5.482	  
+15°	  
7.0	  
6.802	  
6.576	  
6.356	  
5.932	  
5.461	  
+20°	  
6.964	  
6.772	  
6.547	  
6.327	  
5.905	  
5.435	  
+25°	  
6.931	  
6.741	  
6.517	  
6.298	  
5.879	  
5.312	  
+30°	  
6.9	  
6.712	  
6.367	  
6.031	  
5.368	  
4.766	  
+35°	  
6.383	  
5.915	  
5.604	  
5.296	  
4.687	  
4.148	  
+40°	  
5.576	  
5.18	  
4.865	  
4.56	  
3.968	  
3.382	  
	  
	  
	  
69500	  kg	  
	  
	  
-­‐1000’	  
0	  
500'	  
1000'	  
2000'	  
3000'	  
-­‐20°	  
6.586	  
6.393	  
6.177	  
5.967	  
5.562	  
5.108	  
-­‐10°	  
6.573	  
6.38	  
6.164	  
5.954	  
5.548	  
5.094	  
0°	  
6.548	  
6.355	  
6.139	  
5.929	  
5.524	  
5.069	  
+10°	  
6.516	  
6.321	  
6.105	  
5.894	  
5.488	  
5.036	  
+15°	  
6.485	  
6.289	  
6.075	  
5.866	  
5.465	  
5.015	  
+20°	  
6.45	  
6.26	  
6.046	  
5.839	  
5.439	  
4.99	  
+25°	  
6.418	  
6.23	  
6.018	  
5.811	  
5.413	  
4.871	  
+30°	  
6.388	  
6.202	  
5.874	  
5.554	  
4.916	  
4.339	  
+35°	  
5.884	  
5.433	  
5.135	  
4.84	  
4.256	  
3.734	  
+40°	  
5.106	  
4.723	  
4.421	  
4.128	  
3.543	  
2.975	  
	  
	  
	  
71500	  
	  
	  
-­‐1000’	  
0	  
500'	  
1000'	  
2000'	  
3000'	  
-­‐20°	  
6.091	  
5.907	  
5.702	  
5.503	  
5.123	  
4.687	  
-­‐10°	  
6.078	  
5.894	  
5.689	  
5.49	  
5.109	  
4.674	  
0°	  
6.053	  
5.87	  
5.665	  
5.466	  
5.085	  
4.65	  
+10°	  
6.024	  
5.837	  
5.632	  
5.433	  
5.051	  
4.617	  
+15°	  
5.994	  
5.806	  
5.603	  
5.406	  
5.028	  
4.597	  
+20°	  
5.958	  
5.778	  
5.575	  
5.379	  
5.003	  
4.573	  
+25°	  
5.927	  
5.749	  
5.547	  
5.352	  
4.978	  
4.457	  
+30°	  
5.898	  
5.722	  
5.41	  
5.102	  
4.493	  
3.939	  
+35°	  
5.414	  
4.979	  
4.694	  
4.41	  
3.852	  
3.33	  
+40°	  
4.664	  
4.293	  
4.003	  
3.76	  
3.142	  
2.593	  
	  
	  
	  	  	  	  	  	  	  	  	  	  	  	  	  	  	  	  	  	  	  

=== PDF PAGE 13 ===
	    
73500	  
	  	  	  	  	  	  	  	  	  	  	  	  	  	  	  	  	  	  	  	  	  	  	  	  	  	  	  	  	  	  	  	  	  	  	  	  	  	  
	  
-­‐1000’	  
0	  
500'	  
1000'	  
2000'	  
3000'	  
-­‐20°	  
5.625	  
5.451	  
5.257	  
5.068	  
4.716	  
4.293	  
-­‐10°	  
5.612	  
5.438	  
5.244	  
5.055	  
4.703	  
4.28	  
0°	  
5.588	  
5.415	  
5.221	  
5.032	  
4.679	  
4.256	  
+10°	  
5.56	  
5.383	  
5.189	  
5.0	  
4.646	  
4.224	  
+15°	  
5.531	  
5.353	  
5.161	  
4.973	  
4.624	  
4.205	  
+20°	  
5.496	  
5.325	  
5.134	  
4.947	  
4.599	  
4.182	  
+25°	  
5.466	  
5.297	  
5.107	  
4.921	  
4.575	  
4.068	  
+30°	  
5.438	  
5.271	  
4.974	  
4.679	  
4.102	  
3.552	  
+35°	  
4.973	  
4.554	  
4.28	  
4.007	  
3.463	  
2.955	  
+40°	  
4.25	  
3.891	  
3.602	  
3.318	  
2.771	  
2.238	  
	  
	  
75500	  
	  
	  
-­‐1000’	  
0	  
500'	  
1000'	  
2000'	  
3000'	  
-­‐20°	  
5.185	  
5.02	  
4.842	  
4.674	  
4.331	  
3.92	  
-­‐10°	  
5.172	  
5.007	  
4.829	  
4.662	  
4.318	  
3.907	  
0°	  
5.149	  
4.984	  
4.807	  
4.639	  
4.295	  
3.884	  
+10°	  
5.121	  
4.954	  
4.776	  
4.607	  
4.263	  
3.853	  
+15°	  
5.093	  
4.925	  
4.748	  
4.582	  
4.242	  
3.834	  
+20°	  
5.059	  
4.898	  
4.722	  
4.556	  
4.217	  
3.811	  
+25°	  
5.03	  
4.87	  
4.696	  
4.531	  
4.194	  
3.701	  
+30°	  
5.003	  
4.845	  
4.566	  
4.294	  
3.733	  
3.182	  
+35°	  
4.557	  
4.153	  
3.893	  
3.633	  
3.095	  
2.601	  
+40°	  
3.858	  
3.498	  
3.22	  
2.953	  
2.42	  
1.903	  
	  
	  
	  
77800	  
	  
	  
-­‐1000’	  
0	  
500'	  
1000'	  
2000'	  
3000'	  
-­‐20°	  
4.706	  
4.567	  
4.408	  
4.245	  
3.92	  
3.505	  
-­‐10°	  
4.694	  
4.555	  
4.396	  
4.233	  
3.9	  
3.492	  
0°	  
4.671	  
4.533	  
4.374	  
4.211	  
3.878	  
3.469	  
+10°	  
4.645	  
4.504	  
4.344	  
4.181	  
3.847	  
3.438	  
+15°	  
4.617	  
4.475	  
4.317	  
4.156	  
3.825	  
3.418	  
+20°	  
4.585	  
4.449	  
4.292	  
4.131	  
3.802	  
3.395	  
+25°	  
4.556	  
4.422	  
4.266	  
4.106	  
3.779	  
3.282	  
+30°	  
4.53	  
4.398	  
4.14	  
3.876	  
3.312	  
2.78	  
+35°	  
4.104	  
3.729	  
3.474	  
3.218	  
2.694	  
2.216	  
+40°	  
3.419	  
3.077	  
2.814	  
2.555	  
2.038	  
1.537	  
	  
	  
	  
	  

=== PDF PAGE 14 ===
	    
FLAPS	  2	  
	  
	  
60500	  
	  
	  
-­‐1000’	  
0	  
500'	  
1000'	  
2000'	  
3000'	  
-­‐20°	  
9.969	  
9.754	  
9.489	  
9.231	  
8.735	  
8.194	  
-­‐10°	  
9.954	  
9.738	  
9.473	  
9.215	  
8.719	  
8.178	  
0°	  
9.924	  
9.709	  
9.444	  
9.186	  
8.69	  
8.148	  
+10°	  
9.886	  
9.669	  
9.404	  
9.145	  
8.649	  
8.109	  
+15°	  
9.851	  
9.632	  
9.37	  
9.113	  
8.622	  
8.085	  
+20°	  
9.81	  
9.598	  
9.336	  
9.081	  
8.592	  
8.056	  
+25°	  
9.773	  
9.563	  
9.303	  
9.049	  
8.562	  
7.918	  
+30°	  
9.738	  
9.531	  
9.132	  
8.745	  
7.989	  
7.304	  
+35°	  
9.162	  
8.629	  
8.274	  
7.92	  
7.224	  
6.609	  
+40°	  
8.247	  
7.797	  
7.437	  
7.089	  
6.414	  
5.774	  
	  
	  
	  
65500	  
	  
	  
-­‐1000’	  
0	  
500'	  
1000'	  
2000'	  
3000'	  
-­‐20°	  
8.423	  
8.215	  
7.986	  
7.762	  
7.332	  
6.849	  
-­‐10°	  
8.409	  
8.201	  
7.971	  
7.747	  
7.317	  
6.834	  
0°	  
8.381	  
8.174	  
7.944	  
7.721	  
7.29	  
6.807	  
+10°	  
8.348	  
8.137	  
7.907	  
7.683	  
7.252	  
6.77	  
+15°	  
8.315	  
8.103	  
7.875	  
7.654	  
7.227	  
6.748	  
+20°	  
8.276	  
8.071	  
7.844	  
7.624	  
7.198	  
6.722	  
+25°	  
8.241	  
8.039	  
7.814	  
7.594	  
7.171	  
6.594	  
+30°	  
8.209	  
8.01	  
7.661	  
7.319	  
6.639	  
6.026	  
+35°	  
7.671	  
7.189	  
6.872	  
6.557	  
5.935	  
5.372	  
+40°	  
6.843	  
6.433	  
6.111	  
5.799	  
5.17	  
4.564	  
	  
	  
	  
67500	  
	  
	  
-­‐1000’	  
0	  
500'	  
1000'	  
2000'	  
3000'	  
-­‐20°	  
7.858	  
7.663	  
7.446	  
7.235	  
6.837	  
6.371	  
-­‐10°	  
7.844	  
7.648	  
7.432	  
7.221	  
6.822	  
6.356	  
0°	  
7.817	  
7.622	  
7.406	  
7.195	  
6.796	  
6.33	  
+10°	  
7.785	  
7.587	  
7.370	  
7.159	  
6.759	  
6.295	  
+15°	  
7.753	  
7.544	  
7.339	  
7.13	  
6.735	  
6.273	  
+20°	  
7.715	  
7.523	  
7.309	  
7.101	  
6.708	  
6.248	  
+25°	  
7.682	  
7.492	  
7.279	  
7.072	  
6.708	  
6.124	  
+30°	  
7.651	  
7.464	  
7.133	  
6.806	  
6.681	  
5.569	  
+35°	  
7.137	  
6.674	  
6.37	  
6.069	  
6.163	  
4.914	  
+40°	  
6.34	  
5.944	  
5.636	  
5.322	  
5.473	  
4.13	  
	  

=== PDF PAGE 15 ===
	    
69500	  
	  
	  
-­‐1000’	  
0	  
500'	  
1000'	  
2000'	  
3000'	  
-­‐20°	  
7.326	  
7.142	  
6.938	  
6.75	  
6.373	  
5.921	  
-­‐10°	  
7.312	  
7.128	  
6.924	  
6.736	  
6.359	  
5.907	  
0°	  
7.286	  
7.103	  
6.898	  
6.711	  
6.333	  
5.882	  
+10°	  
7.255	  
7.069	  
6.864	  
6.676	  
6.298	  
5.847	  
+15°	  
7.224	  
7.037	  
6.834	  
6.648	  
6.274	  
5.826	  
+20°	  
7.187	  
7.007	  
6.805	  
6.6.62	  
6.247	  
5.801	  
+25°	  
7.155	  
6.977	  
6.776	  
6.592	  
6.222	  
5.68	  
+30°	  
7.125	  
6.949	  
6.634	  
6.333	  
5.717	  
5.119	  
+35°	  
6.633	  
6.188	  
5.898	  
5.616	  
5.025	  
4.483	  
+40°	  
5.867	  
5.476	  
5.166	  
4.871	  
4.288	  
3.722	  
	  
	  
	  
71500	  
	  
	  
-­‐1000’	  
0	  
500'	  
1000'	  
2000'	  
3000'	  
-­‐20°	  
6.824	  
6.658	  
6.482	  
6.303	  
5.936	  
5.491	  
-­‐10°	  
6.81	  
6.644	  
6.468	  
6.289	  
5.922	  
5.477	  
0°	  
6.785	  
6.619	  
6.444	  
6.264	  
5.897	  
5.451	  
+10°	  
6.756	  
6.587	  
6.411	  
6.231	  
5.863	  
5.416	  
+15°	  
6.725	  
6.555	  
6.381	  
6.203	  
5.839	  
5.395	  
+20°	  
6.69	  
6.526	  
6.353	  
6.176	  
5.814	  
5.369	  
+25°	  
6.658	  
6.497	  
6.325	  
6.149	  
5.788	  
5.246	  
+30°	  
6.629	  
6.47	  
6.187	  
5.896	  
5.281	  
4.696	  
+35°	  
6.159	  
5.737	  
5.461	  
5.177	  
4.604	  
4.079	  
+40°	  
5.41	  
5.027	  
4.738	  
4.453	  
3.887	  
3.339	  
	  
	  
	  
73500	  
	  
	  
-­‐1000’	  
0	  
500'	  
1000'	  
2000'	  
3000'	  
-­‐20°	  
6.353	  
6.225	  
6.054	  
5.88	  
5.521	  
5.074	  
-­‐10°	  
6.339	  
6.212	  
6.041	  
5.866	  
5.507	  
5.06	  
0°	  
6.315	  
6.188	  
6.017	  
5.843	  
5.482	  
5.035	  
+10°	  
6.286	  
6.156	  
5.985	  
5.81	  
5.447	  
5.001	  
+15°	  
6.257	  
6.125	  
5.956	  
5.783	  
5.423	  
4.98	  
+20°	  
6.222	  
6.097	  
5.929	  
5.756	  
5.397	  
4.955	  
+25°	  
6.192	  
6.069	  
5.901	  
5.73	  
5.371	  
4.835	  
+30°	  
6.164	  
6.043	  
5.767	  
5.48	  
4.868	  
4.3	  
+35°	  
5.713	  
5.315	  
5.042	  
4.765	  
4.21	  
3.7	  
+40°	  
4.973	  
4.618	  
4.338	  
4.062	  
3.512	  
2.981	  
	  
	  
	  
75500	  

=== PDF PAGE 16 ===
	    
	  
	  
-­‐1000’	  
0	  
500'	  
1000'	  
2000'	  
3000'	  
-­‐20°	  
5.936	  
5.816	  
5.65	  
5.479	  
5.114	  
4.68	  
-­‐10°	  
5.923	  
5.803	  
5.637	  
5.465	  
5.1	  
4.666	  
0°	  
5.899	  
5.78	  
5.614	  
5.441	  
5.076	  
4.642	  
+10°	  
5.872	  
5.749	  
5.582	  
5.408	  
5.042	  
4.609	  
+15°	  
5.843	  
5.719	  
5.554	  
5.38	  
5.019	  
4.588	  
+20°	  
5.809	  
5.692	  
5.528	  
5.353	  
4.993	  
4.564	  
+25°	  
5.779	  
5.664	  
5.501	  
5.326	  
4.968	  
4.448	  
+30°	  
5.752	  
5.639	  
5.363	  
5.073	  
4.477	  
3.926	  
+35°	  
5.303	  
4.912	  
4.645	  
4.377	  
3.838	  
3.343	  
+40°	  
4.576	  
4.232	  
3.96	  
3.693	  
3.158	  
2.643	  
	  
	  
	  
	  
77800	  
	  
	  
-­‐1000’	  
0	  
500'	  
1000'	  
2000'	  
3000'	  
-­‐20°	  
5.487	  
5.367	  
5.198	  
5.025	  
4.671	  
4.251	  
-­‐10°	  
5.474	  
5.353	  
5.184	  
5.011	  
4.658	  
4.237	  
0°	  
5.451	  
5.33	  
5.161	  
4.988	  
4.635	  
4.214	  
+10°	  
5.423	  
5.299	  
5.129	  
4.956	  
4.602	  
4.183	  
+15°	  
5.394	  
5.268	  
5.101	  
4.929	  
4.579	  
4.163	  
+20°	  
5.359	  
5.24	  
5.074	  
4.903	  
4.554	  
4.14	  
+25°	  
5.329	  
5.212	  
5.047	  
4.877	  
4.53	  
4.026	  
+30°	  
5.302	  
5.186	  
4.912	  
4.631	  
4.053	  
3.52	  
+35°	  
4.853	  
4.473	  
4.215	  
3.955	  
3.434	  
2.955	  
+40°	  
4.147	  
3.813	  
3.55	  
3.291	  
2.774	  
2.275	  
	  

=== PDF PAGE 17 ===
	    
All	  data	  calculated	  by	  AIRBUS	  PEP	  Tool,	  Octopus	  program	  v31.0.0.	  
	  
A	  321-­‐231	  	  
	  
	  
Valid	  for	  aircraft	  with	  database	  AC231D01	  (check	  AFM	  chapter	  “Performance	  
Database”)	  
Air	  condition	  	  	  	  :on	  
Anti-­‐acing	  	  	  	  	  	  	  	  	  	  :off	  
CG	  	  	  	  	  	  	  	  	  	  	  	  	  	  	  	  	  	  	  	  	  	  	  	  	  :basic	  (25%	  MAC	  or	  greater)	  
Landing	  Gear	  	  	  	  :retracted	  
One	  Engine	  	  	  	  	  	  	  	  :out	  
One	  Engine	  	  	  	  	  	  	  	  :TOGA	  
ACG	  	  	  	  	  	  	  	  	  	  	  	  	  	  	  	  	  	  	  	  	  	  :Approach	  Climb	  Gradiend	  (%)	  
Regulated	  ACG	  :2.1%	  for	  	  Cat	  I	  	  
	  2.5%	  for	  Cat	  II	  or	  Cat	  III	  App	  	  
	  
	  
FLAPS	  3	  
	  
	  
60500	  kg	  
	  
	  
-­‐1000’	  
0	  
500'	  
1000'	  
2000'	  
3000'	  
-­‐20°	  
8.45	  
8.396	  
8.235	  
8.007	  
7.547	  
6.938	  
-­‐10°	  
8.448	  
8.394	  
8.233	  
8.005	  
7.546	  
6.937	  
0°	  
8.447	  
8.392	  
8.231	  
8.004	  
7.544	  
6.935	  
+10°	  
8.445	  
8.391	  
8.229	  
8.002	  
7.543	  
6.934	  
+15°	  
8.444	  
8.39	  
8.229	  
8.001	  
7.542	  
6.933	  
+20°	  
8.444	  
8.389	  
8.228	  
8.001	  
7.541	  
6.932	  
+25°	  
8.443	  
8.388	  
8.227	  
8.0	  
7.54	  
6.845	  
+30°	  
8.442	  
8.388	  
8.109	  
7.759	  
7.058	  
6.358	  
+35°	  
8.301	  
7.719	  
7.466	  
7.101	  
6.416	  
5.824	  
+40°	  
7.598	  
7.054	  
6.785	  
6.449	  
5.777	  
5.193	  
	  
	  
	  
65500	  kg	  
	  
	  
-­‐1000’	  
0	  
500'	  
1000'	  
2000'	  
3000'	  
-­‐20°	  
7.031	  
6.98	  
6.831	  
6.619	  
6.195	  
5.636	  
-­‐10°	  
7.029	  
6.978	  
6.829	  
6.618	  
6.193	  
5.634	  
0°	  
7.028	  
6.977	  
6.828	  
6.616	  
6.192	  
5.633	  
+10°	  
7.027	  
6.976	  
6.826	  
6.615	  
6.191	  
5.632	  
+15°	  
7.026	  
6.975	  
6.826	  
6.614	  
6.19	  
5.631	  
+20°	  
7.025	  
6.974	  
6.825	  
6.614	  
6.189	  
5.631	  
+25°	  
7.025	  
6.974	  
6.824	  
6.613	  
6.189	  
5.550	  
+30°	  
7.024	  
6.973	  
6.714	  
6.39	  
5.741	  
5.099	  
+35°	  
6.893	  
6.352	  
6.099	  
5.78	  
5.148	  
4.601	  
+40°	  
6.24	  
5.736	  
5.488	  
5.175	  
4.555	  
4.015	  

=== PDF PAGE 18 ===
	    
	  
	  
67500	  kg	  
	  
	  
-­‐1000’	  
0	  
500'	  
1000'	  
2000'	  
3000'	  
-­‐20°	  
6.521	  
6.47	  
6.326	  
6.121	  
5.71	  
5.169	  
-­‐10°	  
6.519	  
6.469	  
6.324	  
6.119	  
5.708	  
5.167	  
0°	  
6.518	  
6.467	  
6.323	  
6.118	  
5.707	  
5.166	  
+10°	  
6.516	  
6.466	  
6.321	  
6.117	  
5.706	  
5.165	  
+15°	  
6.516	  
6.465	  
6.321	  
6.116	  
5.705	  
5.164	  
+20°	  
6.515	  
6.465	  
6.32	  
6.116	  
5.704	  
5.164	  
+25°	  
6.514	  
6.464	  
6.32	  
6.115	  
5.704	  
5.086	  
+30°	  
6.514	  
6.464	  
6.213	  
5.898	  
5.268	  
4.648	  
+35°	  
6.387	  
5.861	  
5.616	  
5.306	  
4.693	  
4.163	  
+40°	  
5.752	  
5.262	  
5.021	  
4.718	  
4.116	  
3.593	  
	  
	  
	  
69500	  kg	  
	  
	  
-­‐1000’	  
0	  
500'	  
1000'	  
2000'	  
3000'	  
-­‐20°	  
6.039	  
5.99	  
5.85	  
5.651	  
5.252	  
4.728	  
-­‐10°	  
6.037	  
5.988	  
5.848	  
5.65	  
5.251	  
4.727	  
0°	  
6.036	  
5.987	  
5.847	  
5.648	  
5.49	  
4.726	  
+10°	  
6.035	  
5.985	  
5.846	  
5.647	  
5.248	  
4.724	  
+15°	  
6.034	  
5.985	  
5.845	  
5.646	  
5.248	  
4.724	  
+20°	  
6.034	  
5.984	  
5.844	  
5.646	  
5.247	  
4.723	  
+25°	  
6.033	  
5.984	  
5.844	  
5.645	  
5.247	  
4.648	  
+30°	  
6.033	  
5.983	  
5.74	  
5.435	  
4.822	  
4.223	  
+35°	  
5.91	  
5.398	  
5.16	  
4.86	  
4.265	  
3.75	  
+40°	  
5.293	  
4.815	  
4.582	  
4.287	  
3.703	  
3.191	  
	  
	  
	  
71500	  
	  
	  
-­‐1000’	  
0	  
500'	  
1000'	  
2000'	  
3000'	  
-­‐20°	  
5.585	  
5.536	  
5.401	  
5.208	  
4.821	  
4.313	  
-­‐10°	  
5.583	  
5.535	  
5.399	  
5.207	  
4.82	  
4.312	  
0°	  
5.582	  
5.533	  
5.398	  
5.205	  
4.818	  
4.311	  
+10°	  
5.581	  
5.532	  
5.397	  
5.204	  
4.817	  
4.31	  
+15°	  
5.58	  
5.532	  
5.396	  
5.204	  
4.817	  
4.309	  
+20°	  
5.58	  
531	  
5.396	  
5.203	  
4.816	  
4.309	  
+25°	  
5.579	  
5.531	  
5.395	  
5.203	  
4.816	  
4.235	  
+30°	  
5.579	  
5.53	  
5.294	  
4.988	  
4.402	  
3.822	  
+35°	  
5.46	  
4.962	  
4.73	  
4.439	  
3.861	  
3.351	  
+40°	  
4.859	  
4.394	  
4.167	  
3.881	  
3.314	  
2.798	  
	  
	  
	  	  	  	  	  	  	  	  	  	  	  	  	  	  	  	  	  	  	  

=== PDF PAGE 19 ===
	    
73500	  
	  	  	  	  	  	  	  	  	  	  	  	  	  	  	  	  	  	  	  	  	  	  	  	  	  	  	  	  	  	  	  	  	  	  	  	  	  	  
	  
-­‐1000’	  
0	  
500'	  
1000'	  
2000'	  
3000'	  
-­‐20°	  
5.157	  
5.109	  
4.979	  
4.792	  
4.416	  
3.923	  
-­‐10°	  
5.156	  
5.108	  
4.977	  
4.78	  
4.415	  
3.922	  
0°	  
5.155	  
5.106	  
4.976	  
4.789	  
4.413	  
3.921	  
+10°	  
5.154	  
5.105	  
4.975	  
4.788	  
4.412	  
3.92	  
+15°	  
5.153	  
5.105	  
4.974	  
4.787	  
4.412	  
3.92	  
+20°	  
5.153	  
5.104	  
4.974	  
4.787	  
4.411	  
3.919	  
+25°	  
5.152	  
5.104	  
4.973	  
4.787	  
4.411	  
3.848	  
+30°	  
5.152	  
5.103	  
4.875	  
4.587	  
4.008	  
3.447	  
+35°	  
5.037	  
4.553	  
4.327	  
4.044	  
3.483	  
2.986	  
+40°	  
4.452	  
3.999	  
3.778	  
3.5	  
2.937	  
2.433	  
	  
	  
75500	  
	  
	  
-­‐1000’	  
0	  
500'	  
1000'	  
2000'	  
3000'	  
-­‐20°	  
4.753	  
4.705	  
4.579	  
4.398	  
4.033	  
3.555	  
-­‐10°	  
4.752	  
4.704	  
4.578	  
4.397	  
4.032	  
3.554	  
0°	  
4.751	  
4.703	  
4.577	  
4.396	  
4.031	  
3.553	  
+10°	  
4.75	  
4.702	  
4.576	  
4.394	  
4.03	  
3.552	  
+15°	  
4.749	  
4.701	  
4.575	  
4.394	  
4.029	  
3.552	  
+20°	  
4.749	  
4.701	  
4.575	  
4.394	  
4.029	  
3.552	  
+25°	  
4.748	  
4.7	  
4.575	  
4.393	  
4.028	  
3.483	  
+30°	  
4.748	  
4.7	  
4.479	  
4.199	  
3.635	  
3.088	  
+35°	  
4.637	  
4.165	  
3.946	  
3.671	  
3.123	  
2.627	  
+40°	  
4.067	  
3.625	  
3.411	  
3.139	  
2.578	  
2.088	  
	  
	  
	  
	  
FLAPS	  2	  
	  
	  
60500	  
	  
	  
-­‐1000’	  
0	  
500'	  
1000'	  
2000'	  
3000'	  
-­‐20°	  
9.118	  
9.063	  
8.899	  
8.668	  
8.204	  
7.594	  
-­‐10°	  
9.116	  
9.061	  
8.897	  
8.666	  
8.202	  
7.592	  
0°	  
9.115	  
9.059	  
8.895	  
8.664	  
8.201	  
7.59	  
+10°	  
9.113	  
9.057	  
8.893	  
8.662	  
8.199	  
7.588	  
+15°	  
9.112	  
9.056	  
8.892	  
8.662	  
8.198	  
7.587	  
+20°	  
9.111	  
9.055	  
8.892	  
8.661	  
8.197	  
7.587	  
+25°	  
9.11	  
9.054	  
8.891	  
8.66	  
8.196	  
7.499	  
+30°	  
9.11	  
9.054	  
8.771	  
8.417	  
7.71	  
7.008	  
+35°	  
8.967	  
8.377	  
8.101	  
7.754	  
7.064	  
6.468	  
+40°	  
8.256	  
7.707	  
7.437	  
7.096	  
6.419	  
5.832	  
	  

=== PDF PAGE 20 ===
	    
	  
	  
65500	  
	  
	  
-­‐1000’	  
0	  
500'	  
1000'	  
2000'	  
3000'	  
-­‐20°	  
7.684	  
7.63	  
7.48	  
7.268	  
6.841	  
6.281	  
-­‐10°	  
7.682	  
7.628	  
7.478	  
7.266	  
6.84	  
6.28	  
0°	  
7.68	  
7.626	  
7.477	  
7.264	  
6.838	  
6.278	  
+10°	  
7.679	  
7.625	  
7.475	  
7.263	  
6.836	  
6.277	  
+15°	  
7.678	  
7.624	  
7.474	  
7.262	  
6.836	  
6.276	  
+20°	  
7.677	  
7.623	  
7.473	  
7.261	  
6.835	  
6.275	  
+25°	  
7.677	  
7.623	  
7.473	  
7.261	  
6.834	  
6.195	  
+30°	  
7.676	  
7.622	  
7.362	  
7.036	  
6.381	  
5.742	  
+35°	  
7.545	  
6.998	  
6.743	  
6.423	  
5.787	  
5.238	  
+40°	  
6.887	  
6.376	  
6.127	  
5.812	  
5.19	  
4.642	  
	  
	  
	  
67500	  
	  
	  
-­‐1000’	  
0	  
500'	  
1000'	  
2000'	  
3000'	  
-­‐20°	  
7.169	  
7.116	  
6.972	  
6.766	  
6.353	  
5.811	  
-­‐10°	  
7.167	  
7.115	  
6.97	  
6.764	  
6.351	  
5.809	  
0°	  
7.166	  
7.113	  
6.968	  
6.762	  
6.349	  
5.808	  
+10°	  
7.164	  
7.111	  
6.967	  
6.761	  
6.348	  
5.807	  
+15°	  
7.163	  
7.111	  
6.966	  
6.76	  
6.347	  
5.806	  
+20°	  
7.163	  
7.11	  
6.965	  
6.76	  
6.347	  
5.805	  
+25°	  
7.162	  
7.109	  
6.964	  
6.759	  
6.346	  
5.727	  
+30°	  
7.161	  
7.109	  
6.857	  
6.541	  
5.905	  
5.288	  
+35°	  
7.035	  
6.504	  
6.257	  
5.946	  
5.33	  
4.797	  
+40°	  
6.396	  
5.899	  
5.657	  
5.352	  
4.749	  
4.197	  
	  
	  
	  
69500	  
	  
	  
-­‐1000’	  
0	  
500'	  
1000'	  
2000'	  
3000'	  
-­‐20°	  
6.684	  
6.631	  
6.492	  
6.293	  
5.892	  
5.368	  
-­‐10°	  
6.682	  
6.629	  
6.49	  
6.291	  
5.89	  
5.366	  
0°	  
6.681	  
6.628	  
6.489	  
6.289	  
5.889	  
5.365	  
+10°	  
6.679	  
6.626	  
6.487	  
6.288	  
5.888	  
5.364	  
+15°	  
6.679	  
6.626	  
6.487	  
6.287	  
5.887	  
5.363	  
+20°	  
6.678	  
6.625	  
6.486	  
6.287	  
5.886	  
5.362	  
+25°	  
6.677	  
6.624	  
6.485	  
6.286	  
5.886	  
5.287	  
+30°	  
6.677	  
6.624	  
6381	  
6.074	  
5.457	  
4.86	  
+35°	  
6.55	  
6.038	  
5.798	  
5.496	  
4.899	  
4.364	  
+40°	  
5.933	  
5.449	  
5.215	  
4.919	  
4.313	  
3.777	  
	  
	  
	  

=== PDF PAGE 21 ===
	    
71500	  
	  
	  
-­‐1000’	  
0	  
500'	  
1000'	  
2000'	  
3000'	  
-­‐20°	  
6.226	  
6.173	  
6.04	  
5.846	  
5.458	  
4.95	  
-­‐10°	  
6.225	  
6.172	  
6.038	  
5.845	  
5.456	  
4.948	  
0°	  
6.223	  
6.17	  
6.036	  
5.843	  
5.455	  
4.947	  
+10°	  
6.222	  
6.169	  
6.035	  
5.842	  
5.453	  
4.946	  
+15°	  
6.221	  
6.168	  
6.034	  
5.841	  
5.453	  
4.945	  
+20°	  
6.22	  
6.167	  
6.034	  
5.84	  
5.452	  
4.945	  
+25°	  
6.22	  
6.167	  
6.033	  
5.84	  
5.451	  
4.871	  
+30°	  
6.219	  
6.166	  
5.031	  
5.633	  
5.034	  
4.444	  
+35°	  
6.101	  
5.599	  
5.365	  
5.073	  
4.482	  
3.954	  
+40°	  
5.496	  
5.025	  
4.797	  
4.499	  
3.903	  
3.383	  
	  
	  
	  
73500	  
	  
	  
-­‐1000’	  
0	  
500'	  
1000'	  
2000'	  
3000'	  
-­‐20°	  
5.794	  
5.741	  
5.612	  
5.425	  
5.048	  
4.55	  
-­‐10°	  
5.792	  
5.739	  
5.611	  
5.423	  
5.046	  
4.549	  
0°	  
5.791	  
5.738	  
5.609	  
5.422	  
5.045	  
4.547	  
+10°	  
5.79	  
5.736	  
5.608	  
5.42	  
5.044	  
4.546	  
+15°	  
5.789	  
5.736	  
5.607	  
5.42	  
5.043	  
4.546	  
+20°	  
5.788	  
5.735	  
5.607	  
5.419	  
5.042	  
4.545	  
+25°	  
5.788	  
5.734	  
5.606	  
5.419	  
5.042	  
4.471	  
+30°	  
5.787	  
5.734	  
5.507	  
5.217	  
4.634	  
4.048	  
+35°	  
5.673	  
5.185	  
4.958	  
4.673	  
4.082	  
3.571	  
+40°	  
5.084	  
4.622	  
4.39	  
4.097	  
3.519	  
3.015	  
	  
	  
	  
75500	  
	  
	  
-­‐1000’	  
0	  
500'	  
1000'	  
2000'	  
3000'	  
-­‐20°	  
5.385	  
5.332	  
5.208	  
5.026	  
4.66	  
4.161	  
-­‐10°	  
5.384	  
5.33	  
5.207	  
5.025	  
4.659	  
4.16	  
0°	  
5.382	  
5.329	  
5.204	  
5.023	  
4.657	  
4.159	  
+10°	  
5.381	  
5.328	  
5.204	  
5.022	  
4.656	  
4.157	  
+15°	  
5.38	  
5.327	  
5.204	  
5.021	  
4.656	  
4.157	  
+20°	  
5.38	  
5.327	  
5.203	  
5.021	  
4.655	  
4.156	  
+25°	  
5.379	  
5.326	  
5.202	  
5.02	  
4.655	  
4.084	  
+30°	  
5.379	  
5.325	  
5.106	  
4.824	  
4.24	  
3.674	  
+35°	  
5.268	  
4.793	  
4.569	  
4.279	  
3.706	  
3.209	  
+40°	  
4.694	  
4.228	  
4.002	  
3.718	  
3.157	  
2.668	  
	  
Подготовил	  Сабуров	  Ю.С.	  
Замечания	  и	  предложения	  	  	  	  y.saburov@u6.ru	  
